[0.0,
 0.0,
 -0.161037389,
 0.0,
 -2.44459747,
 0.0,
 2.2267522,
 0.7853981633974483,
 0.020833,
 -0.020833,
 -0.11820028095644322,
 -0.02120299402533355,
 0.97,
 0.7071067811865476,
 0.0,
 0.0,
 0.7071067811865477,
 0.011691402328543488,
 0.21961194519795674,
 0.93,
 0.0,
 0.0,
 0.0,
 1.0,
 -0.1166081310934906,
 0.17981722163567992,
 0.93,
 0.0,
 0.0,
 0.0,
 1.0,
 0.01775156088484265,
 0.074425991332472,
 0.97,
 0.0,
 0.0,
 0.0,
 1.0,
 -0.14175243578652286,
 0.0,
 0.0,
 0.0,
 0.0,
 0.0,
 0.0,
 0.0,
 0.0,
 0.0,
 0.0,
 0.0,
 0.0,
 0.0,
 0.0,
 0.0,
 0.0,
 0.0,
 0.0,
 0.0,
 0.0,
 0.0,
 0.0,
 0.0,
 0.0,
 0.0,
 0.0,
 0.0,
 0.0,
 0.0,
 0.0,
 0.0,
 0.0,
 0.0,
 0.0,
 0.0,
 0.0,
 0.0,
 0.0]